434465
437242
443084
444440
444442
445041
447255
448974
451337
451704
453684
453840
455277
455625
456281
457279
457466
458489
458650
460697
460871
461018
461045
461078
462747
462749
462750
465352
465353
466057
466197
466974
467054
467201
467275
467294
468123
468312
468373
468375
468634
468733
469091
469263
469265
469398
469555
469633
470163
470376
471474
471693
472380
472770
474662
475012
476322
476323
477207
478033
478034
478229
478234
478556
478654
479279
479312
479377
479407
479438
479532
479533
479534
479535
479626
480636
481381
481382
481383
481544
481548
481597
481598
481599
481600
481601
481602
481603
481604
481605
481606
481607
481608
481609
481610
481872
482269
482408
483071
483486
483794
483987
484270
484467
485220
486035
486037
486038
486238
486336
486499
487157
487160
487652
488118
488314
488537
489304
489415
489452
489546
489649
489766
490250
490627
491337
491392
491394
491485
491508
491837
491875
491932
491937
492953
493176
493178
493454
493845
494071
494752
495056
495174
495338
495344
495951
496101
496720
496721
496928
496931
497054
497057
497059
497176
498052
498053
498547
499335
499661
499919
500194
500195
500196
500350
500972
501072
501075
501076
501080
502379
502605
502606
502737
502787
503914
503915
503916
503920
503921
504072
504074
504075
504076
504077
504080
504081
504083
504085
504088
504089
504090
504092
504093
504094
504095
504096
504097
504098
504099
504100
504101
504102
504355
504705
504796
504797
505224
505730
506473
506474
506477
506478
506479
506480
507480
507481
507655
507656
507657
507750
507811
507979
507987
508408
508616
508776
509061
509243
509258
510081
510083
510086
510087
510804
510822
510853
510942
511672
511687
511776
511806
511839
511931
512211
512212
512345
512401
513058
513772
514041
514619
515509
515837
516224
516232
516605
516606
516731
516835
516880
517363
517364
517365
517548
518704
519109
519110
519176
519241
519244
519286
519544
519545
519664
520612
520764
520766
520773
520774
520775
520776
520784
520937
521085
522115
522188
522391
524843
524958
524997
526226
527483
529350
530573
530772
531336
531391
531709
532635
533268
533629
533864
535311
535771
536780
537303
537507
537520
538239
538244
539717
540092
540095
540097
540144
540248
540276
540523
540580
541165
541196
541273
541507
541592
542567
542708
542730
542734
542751
542966
543011
543303
543521
543733
543734
543802
543826
543901
543902
544011
544174
544179
544493
545010
545032
545505
545959
546794
546802
546870
547500
547526
547569
547595
547616
547619
547692
547697
548288
548453
548789
548793
549200
550120
550173
551020
551312
551758
553108
553223
554152
554253
554380
554764
554774
554809
554912
555664
555999
556269
556463
557042
557044
557564
557601
558157
558159
559143
559480
560369
560462
560463
560464
560830
560924
561081
561126
561172
562474
562488
562927
563029
563087
563368
563873
563938
564199
564245
564248
564249
564250
564672
564875
564935
565156
565324
565335
565429
565513
565546
565711
565712
565720
565944
566129
566166
566794
566795
566796
567532
568431
568929
568990
569033
569922
570365
570385
570490
570600
570991
571101
571176
571275
571451
571823
574989
575010
575305
575381
575430
576010
576162
576196
576403
576409
576413
576618
577084
577705
577706
577738
578457
578459
578461
578528
578530
578532
578533
578535
578536
578542
578543
578544
578592
578626
578711
578747
578795
578848
579082
579083
579084
579085
579360
579374
579690
579691
579692
579693
580104
580116
581210
581265
581388
581453
581574
581975
581980
582184
582185
582187
582188
582191
582197
582198
582199
582200
582202
582203
582207
582208
582210
582211
582212
582215
582216
582255
582315
582496
582726
582901
582927
583005
583055
583272
583447
583549
584226
585366
585367
586352
586405
586467
586533
586568
586642
587003
587004
587006
588536
588834
588858
589022
589280
589737
589740
589742
589801
590196
590233
590923
591079
591117
591150
591260
591431
591518
591934
592726
593856
594095
594102
594316
595346
596215
596419
596420
596905
597645
597647
598383
598385
598783
599530
600032
600805
601272
601275
601372
601407
601526
601571
601572
601575
602044
602728
602796
602798
603097
603139
603166
603400
603712
604000
604051
604161
604515
605722
605852
606006
606263
606334
606335
606336
606358
606927
606971
607746
607748
607749
608637
608652
608653
608750
609010
609088
609989
610311
610374
610403
611951
612007
612123
612375
612376
613009
613050
613112
613501
613541
614120
614124
614126
614127
614130
614131
614133
614134
614135
614139
614140
616103
616396
616404
616464
616931
617421
617996
618761
619486
620201
620556
620557
620558
621061
621062
621503
621575
621910
622408
622410
622415
622416
623001
623211
623427
623429
624199
624210
625302
625785
625834
625901
626080
633959
634191
634236
634237
634243
634247
634249
634250
634253
634258
634260
634263
634265
634269
634270
634919
635126
635128
635130
635131
635132
635133
635134
635135
635136
635199
635200
635201
635202
635719
636180
636334
637076
637210
637222
637490
638084
638125
638519
638551
638747
639367
640757
640783
640784
641743
642667
642782
642784
642785
642786
642787
642788
642789
642793
642794
642797
642899
643660
644236
644477
644805
645107
645108
645969
646393
646396
647525
647939
648483
648686
649242
649243
649244
650111
650901
650908
652345
652350
652357
652362
652483
653205
653238
653332
653478
653854
654200
654434
654438
654440
654442
654444
654966
655060
655061
655652
655965
656133
656134
656282
656285
656325
656725
656849
657444
657513
657514
657844
657845
657861
657944
658967
659217
659384
659448
660374
660409
660726
661176
661614
662025
662181
662397
662614
662942
663267
663354
663356
663453
663696
663698
664227
664249
664492
664493
664623
664655
664656
664700
664703
664752
664843
665202
665298
665724
665726
665870
665883
665905
665980
666298
666813
667006
667407
667699
669584
669701
670243
670413
670676
671387
671802
672007
672100
672329
672483
672671
672801
672802
673084
674221
674487
674521
674598
674623
674879
676331
676332
676724
676931
677159
678431
678644
679503
679532
679863
680136
680275
680474
680637
680832
680834
680856
680866
681450
682457
682647
683377
683633
683669
684177
684328
684985
685060
685062
685063
685244
685836
685911
686098
686958
687313
687836
688433
688452
688453
688454
688455
689280
689453
689880
689881
689947
689960
689961
690546
690712
690713
691250
691386
691448
691451
691637
691638
692138
692139
692169
692179
692261
692682
692688
692736
692792
692800
693435
693868
693885
694437
694438
694649
694764
694766
695182
695183
695184
695761
695943
695944
695945
696218
696908
696955
697213
697504
697757
699000
699093
699554
700054
700436
700439
700475
700803
700804
701009
701297
701412
701566
701567
701752
701789
701797
701973
701999
702546
702604
702731
702733
702734
702735
702736
702737
702771
705240
705294
705668
706078
706109
706363
706494
707209
707284
707425
707591
707810
707876
708077
708666
708896
709178
709316
709530
709551
709702
709816
710074
710089
710098
710404
710577
710617
710783
711293
711294
711457
711458
711459
711460
711461
711462
711465
712164
712533
712537
712541
714774
715115
715428
715750
716016
716136
716316
716370
716448
716772
716790
716880
716949
717085
717116
717119
717284
717319
717323
717580
719111
719266
719663
719664
719773
720179
720182
720183
720434
720742
721035
721351
721518
721705
721774
721948
722961
722976
723041
723092
723291
723299
723302
723328
723337
723338
723552
723553
723733
724460
724501
724673
724675
724676
724677
724678
725044
725068
725244
725245
725246
725247
725248
725249
725250
725251
725252
725253
725254
725255
725256
725257
725258
725259
725260
725261
725262
725263
725264
725265
725266
725267
725268
725269
725270
725271
725272
725273
725274
725275
725276
725277
725278
725279
725280
725281
725282
725283
725284
725873
725896
725897
725898
725901
725904
725905
725910
725917
725919
725920
725922
725923
725924
726148
726150
726202
726221
726639
726954
727033
727608
727609
727843
728254
728258
728281
729015
729343
729344
729408
729438
729531
729556
729627
729723
730111
730362
730497
730630
730633
730734
730735
730989
731029
731089
731090
731461
731462
731709
731710
732335
732796
732991
733679
733680
733681
733682
733683
733688
733690
733693
733695
733697
733699
733721
734436
734538
734555
734573
734649
734690
735167
735169
735170
735171
735335
735551
735661
735755
735777
736133
736134
736135
736136
736468
736578
736769
736770
736990
736991
736993
736994
737293
737294
737445
737710
737711
737767
737949
738047
738756
738757
739327
739660
739662
739663
739664
739767
739897
739898
739899
739900
739901
739902
739904
739905
739906
740838
740917
741333
741650
741679
741774
741839
742126
742790
743261
743545
744448
744449
744450
744451
744452
744453
744454
744455
744485
744486
745016
745017
745021
745022
745023
745024
745025
745903
746205
746518
747224
747694
747785
748546
748591
748839
748874
748877
748886
748906
748948
749061
749139
751297
751333
751383
751648
751660
751775
751989
752016
752093
752184
752185
752270
752400
753676
754344
754345
754917
755318
755561
755593
755603
755680
756594
756734
756736
757257
757258
757332
757429
757780
759854
759994
760437
760923
761117
761128
761173
761614
761933
761955
761982
762176
762240
762261
762556
762606
763077
763128
763131
763183
763317
763318
763319
763323
763324
763534
764071
764085
764086
764087
764089
764217
764414
764441
764479
764490
765052
765893
765909
766798
767720
767724
767726
768077
768259
768596
768815
768991
769196
769197
769200
769763
769886
770318
770377
770734
770773
770775
770776
771273
771533
772377
773806
773846
773847
773849
773850
773851
773852
773853
773854
773855
773856
773857
773858
773859
773860
773861
773862
773864
773865
773867
773869
773870
773875
773876
773877
773878
773879
773880
773881
773882
773883
773884
773885
773886
773887
773888
773889
773890
773891
773892
773893
773894
773895
773896
773897
773898
775175
777028
777152
778179
779628
780531
781117
781248
781249
781258
781267
781268
781271
781274
781277
781282
781285
781286
781289
781290
781292
781294
783206
783489
783804
783805
783806
783807
783808
783809
783810
783811
783812
783813
783814
783815
783816
783823
783824
783825
783826
783827
783828
783829
783830
783831
783832
783833
783834
783835
783836
783837
783838
785079
785843
785978
786068
786556
786615
786629
786663
787499
787903
788187
788330
788822
788823
789053
789294
789295
789296
789297
789298
789299
789300
789488
789490
789660
789721
789948
791045
793073
793074
793075
793244
793361
793398
793418
793626
793627
793748
794502
794619
794620
794621
794622
794623
794625
794888
794986
796491
796983
797330
797378
797406
797562
797563
800786
800792
800827
800828
800829
800831
801483
802045
802531
802532
802752
802835
803158
803233
803408
803867
803876
803879
803881
803935
803939
804053
804648
804833
805092
805176
805247
806522
807016
807019
807139
807315
807690
808326
808843
808844
808845
808846
808847
808848
808849
808850
808851
808852
808853
808854
808855
808856
808857
808858
808859
808860
808861
808979
808981
808982
808983
808984
808985
808986
809275
809286
809287
811251
811388
811389
811411
811436
811566
811567
811759
811817
811847
811853
811862
811887
811997
812008
814162
814198
814869
814870
815920
816107
816108
816110
816220
816221
816246
816561
816734
816775
817482
817698
817699
818195
818236
818273
818275
818430
818525
819630
820604
820605
821237
821615
822185
822428
822945
822947
822950
822953
822954
822968
823512
824532
825250
825597
825920
825925
826287
826467
826794
828041
828042
828343
828350
828407
828503
829101
829858
830035
832388
833019
833219
833253
835034
835038
835126
835371
835416
835937
839818
840971
844132
845978
846023
849590
849950
850217
852136
852228
855000
